	NC_017451	NC_022356	NC_014922	NC_009567	NC_009566	NC_016809	NC_007146	NC_014920	NC_017452	NC_000907
NC_017451	0.0	75880.0	50211.0	48007.0	50518.0	44334.0	49115.0	51308.0	48283.0	41866.0
NC_022356	75880.0	0.0	81110.0	77121.0	76182.0	78335.0	74718.0	80109.0	75369.0	80665.0
NC_014922	50211.0	81110.0	0.0	51014.0	53850.0	46797.0	53432.0	43968.0	52685.0	45214.0
NC_009567	48007.0	77121.0	51014.0	0.0	50320.0	44083.0	48390.0	50327.0	48858.0	43399.0
NC_009566	50518.0	76182.0	53850.0	50320.0	0.0	48366.0	47683.0	53047.0	41503.0	49543.0
NC_016809	44334.0	78335.0	46797.0	44083.0	48366.0	0.0	45514.0	46307.0	47513.0	40295.0
NC_007146	49115.0	74718.0	53432.0	48390.0	47683.0	45514.0	0.0	51468.0	48093.0	44828.0
NC_014920	51308.0	80109.0	43968.0	50327.0	53047.0	46307.0	51468.0	0.0	52089.0	45520.0
NC_017452	48283.0	75369.0	52685.0	48858.0	41503.0	47513.0	48093.0	52089.0	0.0	48363.0
NC_000907	41866.0	80665.0	45214.0	43399.0	49543.0	40295.0	44828.0	45520.0	48363.0	0.0
